24
7
Memo,1
Sora,1
Regio,1
Arte,2
Regio,1
Sora,1
Memo,1
10,0 10,5 10,10 10,15 10,20 10,25 10,30
11,0 11,5 11,10 11,15 11,20 11,25 11,30
12,0 12,5 12,10 12,15 12,20 12,25 12,30
13,0 13,5 13,10 13,15 13,20 13,25 13,30
14,0 14,5 14,10 14,15 14,20 14,25 14,30
15,0 15,5 15,10 15,15 15,20 15,25 15,30
16,0 16,5 16,10 16,15 16,20 16,25 16,30
17,0 17,5 17,10 17,15 17,20 17,25 17,30
46
7
Arte,2
Regio,1
Opera,1
Observator,2
Opera,1
Regio,1
Arte,2
10,20 10,25 10,30 10,35 10,40 10,50 11,0
11,20 11,25 11,30 11,35 11,40 11,50 12,0
12,20 12,25 12,30 12,35 12,40 12,50 13,0
13,20 13,25 13,30 13,35 13,40 13,50 14,0
14,20 14,25 14,30 14,35 14,40 14,50 15,0
15,20 15,25 15,30 15,35 15,40 15,50 16,0
16,20 16,25 16,30 16,35 16,40 16,50 17,0
17,20 17,25 17,30 17,35 17,40 17,50 18,0
68
9
Observator,2
Cipariu,2
Avram,2
Regio,1
Sora,1
Regio,1
Avram,2
Cipariu,2
Observator,2
10,10 10,15 10,20 10,25 10,30 10,35 10,40 10,45 10,50
11,10 11,15 11,20 11,25 11,30 11,35 11,40 11,45 11,50
12,10 12,15 12,20 12,25 12,30 12,35 12,40 12,45 12,50
13,10 13,15 13,20 13,25 13,30 13,35 13,40 13,45 13,50
14,10 14,15 14,20 14,25 14,30 14,35 14,40 14,45 14,50
15,10 15,15 15,20 15,25 15,30 15,35 15,40 15,45 15,50
16,10 16,15 16,20 16,25 16,30 16,35 16,40 16,45 16,50
17,10 17,15 17,20 17,25 17,30 17,35 17,40 17,45 17,50
35
9
Memo,1
Sora,1
Opera,1
Observator,2
Avram,2
Observator,2
Opera,1
Sora,1
Memo,1
10,25 10,30 10,35 10,40 10,45 10,50 11,0 11,5 11,10
11,25 11,30 11,35 11,40 11,45 11,50 12,0 12,5 12,10
12,25 12,30 12,35 12,40 12,45 12,50 13,0 13,5 13,10
13,25 13,30 13,35 13,40 13,45 13,50 14,0 14,5 14,10
14,25 14,30 14,35 14,40 14,45 14,50 15,0 15,5 15,10
15,25 15,30 15,35 15,40 15,45 15,50 16,0 16,5 16,10
16,25 16,30 16,35 16,40 16,45 16,50 17,0 17,5 17,10
17,25 17,30 17,35 17,40 17,45 17,50 18,0 18,5 18,10
